
distortion_coeff: [-0.078315, 0.000545, -0.000838, -0.000152, 0.000000]
camera_matrix:
 rows: 3
 cols: 3
 data: [2423.016569, 0.000000, 721.396540,
        0.000000, 2421.213339, 587.837518,
        0.000000, 0.000000, 1.000000
        ]
detect_blue_color: false