distortion_coeff: [0.002856, 0.000382, 0.005481, -0.006152, 0.000000]
camera_matrix:
  rows: 3
  cols: 3
  data: [952.091999, 0.000000, 961.583311,
        0.000000, 950.539321, 529.258992,
        0.000000, 0.000000, 1.000000
  ]
detect_blue_color: false