distortion_coeff: [0.009212, -0.006759, -0.000761, 0.006057, 0.000000]
camera_matrix:
  rows: 3
  cols: 3
  data: [936.804923, 0.000000, 1002.020995,
    0.000000, 943.938080, 544.994425,
    0.000000, 0.000000, 1.000000
    ]
detect_blue_color: false